01152
03019
03813
04203
04205
04208
04213
04214
04224
04242
04253
04266
04285
04301
04313
04330
04351
04373
04382
06699
07336
07629
08522
11480
11538
11718
11774
14216
14219
14232
14234
14236
14244
14248
14253
14256
14280
14308
14321
14382
14428
14441
14442
14452
14454
14462
15015
15020
15090
15108
15120
15150
15170
15200
15230
15260
15280
15292
15310
15335
15346
15350
15360
15410
15420
15450
15460
15470
15480
26298
26477
26708
26781
27038
27199
27594
27713
31300
40394
43150
45004
47090
47093
47095
47097
47098
47099
47100
47101
47102
47104
47105
47106
47108
47112
47114
47115
47119
47121
47127
47129
47130
47131
47133
47135
47136
47137
47138
47140
47143
47145
47146
47150
47152
47154
47155
47156
47157
47159
47162
47165
47168
47169
47170
47171
47172
47173
47174
47177
47184
47185
47189
47192
71050
71082
71383
71433
71907
72261
72318
82795
83117
83386
83393
83442
83692
84392
84394
84398
84402
84403
84404
84420
84442
84447
84479
84563
84614
84617
84618
84619
84620
84621
84632
84682
84696
84711
84712
84738
84739
84742
84753
84759
84761
84762
84763
85403
85404
85410
85424
85439
85443
85469
85483
85484
85504
85507
85535
85537
85538
85568
85570
85572
85585
85588
85589
85595
85619
85620
85722
85724
85729
85731
85768
85794
85798
86316
86351
86352
86451
86501
86533
86550
86581
86582
86583
86595
87016
87043
87078
87127
87163
87173
87213
87244
87281
87345
87347
87356
87393
87416
87420
87444
87448
87468
87544
87553
87563
87571
87572
87573
87574
87593
87596
87623
87640
87641
87643
87645
87648
87663
87679
87688
87692
87715
87750
87761
87765
87774
87784
87791
87800
87803
87823
87828
87852
87860
87896
87904
87909
87925
87934
87938
89564
89570
89571
89573
89577
89578
89586
89610
89611
89614
89615
89767
89807
89809
89811
89815
89817
91779
91784
91792
91929
91933
91938
91944
91954
94120
94154
94181
94212
94225
94254
94260
94261
94266
94271
94272
94273
94274
94276
94280
94284
94285
94288
94295
94297
94302
94335
94336
94337
94338
94342
94343
94347
94352
94365
94368
94370
94371
94372
94373
94376
94378
94380
94381
94383
94386
94387
94396
94397
94398
94399
94418
94419
94420
94489
94517
94542
94549
94553
94555
94561
94562
94566
94567
94568
94569
94570
94575
94576
94580
94590
94591
94592
94594
94693
94797
94806
94821
94826
94827
94828
94829
94830
94833
94835
94836
94837
94838
94839
94840
94842
94843
94846
94847
94852
94854
94855
94857
94859
94860
94862
94863
94864
94870
94871
94872
94874
94876
94878
94881
94886
94893
94907
94926
94935
95122
95202
95286
95292
95293
95295
95296
95298
95351
95367
95369
95370
95487
95529
95543
95551
95565
95566
95572
95575
95591
95605
95648
95652
95729
95745
95826
95832
95839
95864
95872
95936
95963
95987
95995
96997
98223
98233
98433
98444
98558
98618
